"","TrustLG","Year","Educ"
"1",4,2001,2
"2",1,2001,1
"3",4,2001,2
"4",2,2001,2
"5",3,2001,3
"6",3,2001,2
"7",3,2001,2
"8",1,2001,2
"9",2,2001,1
"10",2,2001,3
"11",1,2001,1
"12",1,2001,3
"13",2,2001,1
"14",2,2001,2
"15",2,2001,2
"16",4,2001,2
"17",3,2001,1
"18",2,2001,1
"19",2,2001,3
"20",2,2001,4
"21",3,2001,2
"22",2,2001,1
"23",1,2001,2
"24",3,2001,2
"25",4,2001,1
"26",4,2001,1
"27",1,2001,2
"28",1,2001,2
"29",4,2001,1
"30",1,2001,2
"31",1,2001,2
"32",5,2001,2
"33",2,2001,1
"34",1,2001,2
"35",1,2001,3
"36",2,2001,2
"37",1,2001,1
"38",2,2001,1
"39",1,2001,1
"40",1,2001,2
"41",1,2001,2
"42",1,2001,2
"43",3,2001,2
"44",2,2001,2
"45",1,2001,4
"46",3,2001,2
"47",2,2001,3
"48",1,2001,2
"49",1,2001,2
"50",3,2001,2
"51",1,2001,2
"52",3,2001,2
"53",4,2001,1
"54",2,2001,2
"55",1,2001,2
"56",1,2001,4
"57",1,2001,3
"58",1,2001,1
"59",3,2001,1
"60",2,2001,3
"61",3,2001,2
"62",1,2001,4
"63",1,2001,2
"64",2,2001,1
"65",1,2001,2
"66",2,2001,1
"67",1,2001,2
"68",2,2001,2
"69",3,2001,3
"70",3,2001,2
"71",2,2001,3
"72",1,2001,1
"73",2,2001,1
"74",2,2001,1
"75",2,2001,3
"76",1,2001,3
"77",1,2001,2
"78",4,2001,2
"79",2,2001,4
"80",1,2001,1
"81",1,2001,1
"82",3,2001,2
"83",1,2001,3
"84",4,2001,1
"85",1,2001,1
"86",2,2001,1
"87",1,2001,2
"88",2,2001,2
"89",1,2001,4
"90",3,2001,1
"91",2,2001,2
"92",2,2001,1
"93",2,2001,3
"94",2,2001,2
"95",2,2001,2
"96",4,2001,1
"97",1,2001,1
"98",2,2001,2
"99",1,2001,2
"100",1,2001,2
"101",3,2001,3
"102",2,2001,2
"103",5,2001,2
"104",2,2001,1
"105",1,2001,3
"106",2,2001,1
"107",2,2001,2
"108",2,2001,2
"109",1,2001,2
"110",2,2001,1
"111",1,2001,3
"112",1,2001,3
"113",5,2001,1
"114",5,2001,1
"115",1,2001,4
"116",2,2001,2
"117",1,2001,2
"118",1,2001,2
"119",1,2001,3
"120",2,2001,2
"121",1,2001,2
"122",2,2001,1
"123",2,2001,3
"124",2,2001,2
"125",1,2001,4
"126",2,2001,2
"127",2,2001,3
"128",4,2001,2
"129",1,2001,4
"130",1,2001,3
"131",1,2001,3
"132",2,2001,1
"133",1,2001,2
"134",1,2001,1
"135",1,2001,2
"136",1,2001,1
"137",1,2001,2
"138",3,2001,2
"139",1,2001,2
"140",4,2001,2
"141",1,2001,2
"142",1,2001,3
"143",1,2001,2
"144",1,2001,2
"145",1,2001,2
"146",1,2001,3
"147",1,2001,2
"148",2,2001,2
"149",1,2001,2
"150",4,2001,2
"151",4,2001,1
"152",1,2001,2
"153",1,2001,2
"154",2,2001,3
"155",1,2001,2
"156",2,2001,2
"157",1,2001,1
"158",1,2001,2
"159",1,2001,1
"160",2,2001,1
"161",1,2001,2
"162",2,2001,3
"163",5,2001,2
"164",2,2001,2
"165",2,2001,3
"166",3,2001,3
"167",1,2001,2
"168",3,2001,3
"169",4,2001,1
"170",2,2001,1
"171",2,2001,2
"172",2,2001,2
"173",2,2001,1
"174",3,2001,1
"175",1,2001,1
"176",1,2001,2
"177",1,2001,2
"178",1,2001,2
"179",2,2001,2
"180",1,2001,2
"181",4,2001,1
"182",2,2001,1
"183",3,2001,2
"184",1,2001,1
"185",1,2001,3
"186",2,2001,2
"187",4,2001,2
"188",2,2001,2
"189",2,2001,1
"190",3,2001,2
"191",2,2001,2
"192",4,2001,1
"193",1,2001,2
"194",1,2001,1
"195",1,2001,2
"196",2,2001,2
"197",3,2001,1
"198",2,2001,4
"199",2,2001,2
"200",2,2001,1
"201",4,2001,4
"202",1,2001,2
"203",4,2001,1
"204",2,2001,2
"205",1,2001,4
"206",3,2001,2
"207",4,2001,1
"208",3,2001,1
"209",4,2001,2
"210",2,2001,2
"211",3,2001,2
"212",1,2001,3
"213",3,2001,1
"214",3,2001,1
"215",4,2001,2
"216",2,2001,2
"217",1,2001,2
"218",1,2001,2
"219",1,2001,2
"220",2,2001,3
"221",1,2001,4
"222",1,2001,2
"223",3,2001,1
"224",4,2001,4
"225",4,2001,1
"226",2,2001,2
"227",3,2001,1
"228",1,2001,2
"229",3,2001,2
"230",2,2001,2
"231",1,2001,2
"232",2,2001,3
"233",3,2001,2
"234",2,2001,2
"235",2,2001,3
"236",2,2001,2
"237",2,2001,1
"238",2,2001,3
"239",2,2001,3
"240",3,2001,2
"241",3,2001,1
"242",3,2001,2
"243",2,2001,4
"244",1,2001,3
"245",3,2001,3
"246",2,2001,3
"247",2,2001,1
"248",2,2001,2
"249",4,2001,2
"250",1,2001,1
"251",2,2001,2
"252",2,2001,2
"253",2,2001,2
"254",4,2001,2
"255",2,2001,2
"256",3,2001,1
"257",2,2001,2
"258",1,2001,2
"259",4,2001,2
"260",1,2001,1
"261",2,2001,3
"262",1,2001,2
"263",3,2001,3
"264",1,2001,3
"265",3,2001,1
"266",2,2001,3
"267",3,2001,2
"268",4,2001,2
"269",3,2001,2
"270",3,2001,3
"271",2,2001,2
"272",1,2001,3
"273",2,2001,1
"274",3,2001,3
"275",2,2001,3
"276",3,2001,1
"277",1,2001,1
"278",2,2001,2
"279",2,2001,2
"280",4,2001,3
"281",2,2001,2
"282",1,2001,3
"283",5,2001,2
"284",1,2001,2
"285",2,2001,2
"286",2,2001,1
"287",1,2001,2
"288",2,2001,2
"289",2,2001,1
"290",1,2001,1
"291",3,2011,1
"292",3,2011,4
"293",3,2011,3
"294",5,2011,2
"295",3,2011,1
"296",1,2011,2
"297",1,2011,3
"298",4,2011,2
"299",4,2011,2
"300",3,2011,2
"301",3,2011,3
"302",2,2011,3
"303",2,2011,3
"304",2,2011,2
"305",2,2011,2
"306",3,2011,4
"307",3,2011,2
"308",1,2011,1
"309",2,2011,4
"310",2,2011,3
"311",2,2011,2
"312",3,2011,2
"313",1,2011,4
"314",2,2011,1
"315",4,2011,4
"316",1,2011,2
"317",3,2011,4
"318",2,2011,2
"319",5,2011,2
"320",3,2011,2
"321",5,2011,3
"322",3,2011,4
"323",3,2011,2
"324",2,2011,3
"325",3,2011,4
"326",2,2011,2
"327",2,2011,3
"328",1,2011,2
"329",2,2011,3
"330",1,2011,2
"331",2,2011,2
"332",3,2011,3
"333",2,2011,2
"334",2,2011,4
"335",3,2011,3
"336",2,2011,1
"337",2,2011,1
"338",2,2011,2
"339",2,2011,2
"340",2,2011,4
"341",2,2011,3
"342",2,2011,1
"343",2,2011,1
"344",2,2011,4
"345",5,2011,2
"346",5,2011,2
"347",3,2011,2
"348",4,2011,2
"349",3,2011,2
"350",2,2011,1
"351",2,2011,1
"352",3,2011,4
"353",1,2011,1
"354",2,2011,2
"355",1,2011,4
"356",2,2011,3
"357",3,2011,3
"358",4,2011,3
"359",3,2011,2
"360",2,2011,2
"361",1,2011,3
"362",2,2011,4
"363",4,2011,4
"364",2,2011,3
"365",3,2011,3
"366",2,2011,4
"367",1,2011,2
"368",2,2011,4
"369",3,2011,1
"370",5,2011,4
"371",3,2011,4
"372",1,2011,1
"373",2,2011,3
"374",2,2011,2
"375",2,2011,4
"376",1,2011,1
"377",2,2011,3
"378",1,2011,2
"379",4,2011,3
"380",1,2011,3
"381",1,2011,3
"382",2,2011,1
"383",1,2011,3
"384",2,2011,1
"385",1,2011,2
"386",2,2011,2
"387",2,2011,3
"388",3,2011,2
"389",1,2011,2
"390",4,2011,4
"391",4,2011,1
"392",1,2011,2
"393",2,2011,2
"394",4,2011,2
"395",1,2011,3
"396",3,2011,4
"397",4,2011,2
"398",3,2011,3
"399",3,2011,3
"400",1,2011,3
"401",2,2011,1
"402",1,2011,3
"403",1,2011,2
"404",2,2011,2
"405",2,2011,1
"406",2,2011,2
"407",2,2011,4
"408",2,2011,4
"409",2,2011,2
"410",4,2011,1
"411",4,2011,3
"412",2,2011,1
"413",3,2011,2
"414",3,2011,4
"415",2,2011,3
"416",3,2011,4
"417",2,2011,2
"418",2,2011,2
"419",2,2011,2
"420",5,2011,3
"421",1,2011,3
"422",3,2011,3
"423",2,2011,3
"424",1,2011,3
"425",1,2011,2
"426",2,2011,3
"427",2,2011,3
"428",3,2011,4
"429",1,2011,2
"430",3,2011,2
"431",2,2011,1
"432",2,2011,2
"433",5,2011,3
"434",3,2011,2
"435",1,2011,2
"436",2,2011,2
"437",3,2011,2
"438",1,2011,2
"439",4,2011,1
"440",2,2011,3
"441",3,2011,3
"442",2,2011,3
"443",3,2011,2
"444",1,2011,3
"445",3,2011,3
"446",2,2011,3
"447",3,2011,4
"448",2,2011,3
"449",2,2011,2
"450",5,2011,4
"451",1,2011,3
"452",2,2011,2
"453",2,2011,1
"454",2,2011,3
"455",3,2011,3
"456",4,2011,4
"457",2,2011,1
"458",4,2011,1
"459",2,2011,1
"460",2,2011,4
"461",1,2011,4
"462",1,2011,1
"463",1,2011,1
"464",2,2011,4
"465",2,2011,3
"466",4,2011,4
"467",1,2011,2
"468",4,2011,3
"469",2,2011,3
"470",4,2011,1
"471",3,2011,3
"472",3,2011,4
"473",1,2011,2
"474",3,2011,4
